287 112 237 97 91 63 44 24 12
274 100 243 105 81 63 47 27 10
267 92 234 104 83 63 47 25 5
209 152 248 108 85 63 46 17 9
224 142 232 87 83 63 45 27 8
229 116 225 121 85 63 44 25 8
242 112 246 97 83 63 46 23 6
236 96 251 128 88 63 47 21 10
217 118 227 121 94 63 45 24 7
233 106 210 83 89 63 44 20 7
263 83 237 113 92 63 46 25 6
220 118 236 113 88 63 44 27 4
232 109 208 102 85 63 47 24 10
232 90 257 122 93 63 48 20 11
257 92 268 107 87 63 46 24 10
204 129 228 96 83 63 44 25 7
238 94 250 126 81 63 48 22 7
180 134 229 109 86 63 41 22 11
288 83 236 101 93 63 46 26 5
311 93 284 129 69 63 45 18 9
272 101 299 121 94 63 45 27 8
254 117 235 83 82 63 44 20 10
242 91 259 105 81 63 45 24 13
255 109 267 135 81 63 47 23 7
284 110 264 92 86 63 42 21 5
287 85 237 125 81 63 45 22 9
207 97 261 126 89 63 44 28 10
236 136 202 84 91 63 45 26 6
175 122 254 114 68 63 48 26 13
241 135 240 100 73 63 42 25 5
219 93 230 112 88 63 47 27 13
257 97 255 124 87 63 46 20 9
